<?xml version="1.0"?>
<opencv_storage>
<R_t type_id="opencv-matrix">
  <rows>4</rows>
  <cols>4</cols>
  <dt>f</dt>
  <data>
    6.21889252e-03 -9.99650180e-01 -2.57057175e-02 2.50058537e+01
    -7.45386004e-01 -2.17702314e-02 6.66277528e-01 4.71865692e+01
    -6.66604102e-01 1.50171733e-02 -7.45260656e-01 6.77143127e+02 0. 0.
    0. 1.</data></R_t>
</opencv_storage>
