<?xml version="1.0"?>
<opencv_storage>
<R_t type_id="opencv-matrix">
  <rows>4</rows>
  <cols>4</cols>
  <dt>f</dt>
  <data>
    9.99616802e-01 1.62091572e-02 2.24393550e-02 1.84224243e+02
    1.49629442e-02 -9.98394430e-01 5.46326339e-02 8.15785828e+01
    2.32888758e-02 -5.42759374e-02 -9.98254359e-01 3.82170044e+02 0. 0.
    0. 1.</data></R_t>
</opencv_storage>
